Mesh.Algorithm=5;
Point(1)={ 634130.600000, 86363.730000,0.0,50};
Point(2)={ 634086.200000, 86351.990000,0.0,50};
Point(3)={ 634051.500000, 86337.290000,0.0,50};
Point(4)={ 634021.900000, 86324.060000,0.0,50};
Point(5)={ 633996.000000, 86310.830000,0.0,50};
Point(6)={ 633977.500000, 86298.320000,0.0,50};
Point(7)={ 633958.200000, 86286.550000,0.0,50};
Point(8)={ 633927.100000, 86266.690000,0.0,50};
Point(9)={ 633914.500000, 86248.290000,0.0,50};
Point(10)={ 633900.400000, 86229.150000,0.0,50};
Point(11)={ 633887.000000, 86210.740000,0.0,50};
Point(12)={ 633870.000000, 86186.440000,0.0,50};
Point(13)={ 633850.700000, 86159.200000,0.0,50};
Point(14)={ 633825.500000, 86135.650000,0.0,50};
Point(15)={ 633799.500000, 86109.890000,0.0,50};
Point(16)={ 633781.200000, 86138.650000,0.0,50};
Point(17)={ 633762.800000, 86168.140000,0.0,50};
Point(18)={ 633748.100000, 86191.730000,0.0,50};
Point(19)={ 633728.300000, 86219.010000,0.0,50};
Point(20)={ 633708.500000, 86242.610000,0.0,50};
Point(21)={ 633683.500000, 86271.370000,0.0,50};
Point(22)={ 633680.600000, 86300.840000,0.0,50};
Point(23)={ 633676.400000, 86342.110000,0.0,50};
Point(24)={ 633663.900000, 86363.490000,0.0,50};
Point(25)={ 633650.000000, 86386.340000,0.0,50};
Point(26)={ 633620.500000, 86411.420000,0.0,50};
Point(27)={ 633577.100000, 86446.100000,0.0,50};
Point(28)={ 633541.700000, 86464.550000,0.0,50};
Point(29)={ 633507.800000, 86481.540000,0.0,50};
Point(30)={ 633469.500000, 86501.470000,0.0,50};
Point(31)={ 633434.100000, 86516.240000,0.0,50};
Point(32)={ 633404.600000, 86528.060000,0.0,50};
Point(33)={ 633376.600000, 86539.140000,0.0,50};
Point(34)={ 633346.400000, 86551.700000,0.0,50};
Point(35)={ 633355.300000, 86569.370000,0.0,50};
Point(36)={ 633368.000000, 86595.150000,0.0,50};
Point(37)={ 633382.100000, 86621.660000,0.0,50};
Point(38)={ 633395.500000, 86645.960000,0.0,50};
Point(39)={ 633414.800000, 86680.560000,0.0,50};
Point(40)={ 633427.400000, 86690.130000,0.0,50};
Point(41)={ 633441.500000, 86701.170000,0.0,50};
Point(42)={ 633454.100000, 86708.520000,0.0,50};
Point(43)={ 633471.100000, 86715.870000,0.0,50};
Point(44)={ 633487.400000, 86723.960000,0.0,50};
Point(45)={ 633508.100000, 86734.250000,0.0,50};
Point(46)={ 633531.700000, 86738.650000,0.0,50};
Point(47)={ 633553.200000, 86743.040000,0.0,50};
Point(48)={ 633576.100000, 86747.440000,0.0,50};
Point(49)={ 633599.700000, 86752.570000,0.0,50};
Point(50)={ 633615.200000, 86756.240000,0.0,50};
Point(51)={ 633639.700000, 86769.480000,0.0,50};
Point(52)={ 633668.500000, 86788.600000,0.0,50};
Point(53)={ 633685.500000, 86781.950000,0.0,50};
Point(54)={ 633716.500000, 86769.400000,0.0,50};
Point(55)={ 633761.400000, 86751.670000,0.0,50};
Point(56)={ 633795.300000, 86738.370000,0.0,50};
Point(57)={ 633824.800000, 86728.020000,0.0,50};
Point(58)={ 633857.300000, 86716.200000,0.0,50};
Point(59)={ 633891.900000, 86700.690000,0.0,50};
Point(60)={ 633947.200000, 86673.370000,0.0,50};
Point(61)={ 633980.400000, 86663.760000,0.0,50};
Point(62)={ 634024.600000, 86648.980000,0.0,50};
Point(63)={ 634081.300000, 86609.130000,0.0,50};
Point(64)={ 634091.600000, 86579.650000,0.0,50};
Point(65)={ 634101.000000, 86547.960000,0.0,50};
Point(66)={ 634098.700000, 86514.810000,0.0,50};
Point(67)={ 634095.600000, 86473.550000,0.0,50};
Point(68)={ 634102.800000, 86440.390000,0.0,50};
Point(69)={ 634110.100000, 86412.380000,0.0,50};
Point(70)={ 634121.800000, 86385.110000,0.0,50};
Spline(1)={1,2,3,4,5,6,7,8,9,10,11,12,13,14,15};
Spline(2)={15,16,17,18,19,20,21,22,23,24,25,26,27,28,29,30,31,32,33,34};
Spline(3)={34,35,36,37,38,39,40,41,42,43,44,45,46,47,48,49,50,51,52};
Spline(4)={52,53,54,55,56,57,58,59,60,61,62,63,64,65,66,67,68,69,70,1};
Line Loop(5)={1,2,3,4};
Plane Surface(6) = {5};
Physical Line(7) = {1};
Physical Line(8) = {2};
Physical Line(9) = {3};
Physical Line(10) = {4};
Physical Surface(11) = {6};